     131.516    32.171    175.601     0.130
     131.531    32.557    172.875     0.161
     131.579    33.229    173.991     0.191
     131.583    32.316   -163.301     0.104
     131.588    32.987    171.027     0.192
     131.629    32.853    171.027     0.192
     131.632    32.446    169.380     0.163
     131.670    32.429    166.759     0.175
     131.748    33.097    175.030     0.231
     131.757    32.704    163.301     0.209
     131.798    33.240    165.964     0.206
     131.876    32.925    164.745     0.228
     132.039    32.937    161.565     0.221
     132.046    33.369    159.146     0.225
     132.222    33.435    159.146     0.225
     132.281    33.470    158.199     0.215
     132.360    33.203    155.225     0.286
     132.475    33.385    156.501     0.251
     132.487    33.612    154.654     0.210
     132.489    33.040    158.199     0.323
     132.544    33.178    156.038     0.295
     132.556    32.739    151.390     0.376
     132.562    32.964    155.695     0.340
     132.565    33.511    154.537     0.233
     132.634    33.097    156.571     0.327
     132.676    32.928    154.093     0.389
     132.694    33.447    164.055     0.291
     132.704    32.841    152.784     0.394
     132.744    33.306    156.038     0.295
     132.793    33.172    154.983     0.331
     132.799    33.643    154.537     0.233
     132.811    32.762    150.945     0.412
     132.822    33.061    155.556     0.362
     132.832    32.961    156.038     0.394
     132.912    33.797    148.570     0.211
     132.923    33.392    154.290     0.300
     132.938    33.570    152.447     0.259
     132.962    33.104    154.093     0.389
     132.967    32.756    150.422     0.425
     132.972    33.194    152.700     0.349
     132.974    33.313    152.650     0.326
     132.982    32.870    152.819     0.416
     133.000    32.992    153.435     0.402
     133.090    33.417    151.821     0.318
     133.129    33.216    152.745     0.371
     133.155    33.608    150.524     0.264
     133.229    33.328    152.021     0.362
     133.242    33.273    153.435     0.380
     133.244    33.334    152.021     0.362
     133.281    33.469    153.435     0.335
     133.363    33.705    149.421     0.256
     133.432    33.546    150.945     0.309
     133.463    33.819    149.931     0.220
     133.532    33.627    150.751     0.287
     133.539    33.940    157.620     0.184
     133.579    33.530    151.113     0.331
     133.682    33.938    147.724     0.225
     133.701    33.543    151.113     0.331
     133.798    33.840    165.256     0.196
     133.806    33.655    150.018     0.300
     133.876    34.041    141.340     0.192
     133.905    33.506    154.134     0.367
     133.923    33.876    153.435     0.268
     133.942    33.723    150.751     0.287
     134.008    33.428    154.058     0.411
     134.050    34.052    149.534     0.197
     134.057    33.368    154.026     0.434
     134.060    33.878    140.194     0.234
     134.101    33.498    154.093     0.389
     134.108    33.604    151.928     0.340
     134.123    33.316    153.997     0.456
     134.178    33.252    153.435     0.470
     134.179    33.267    153.435     0.470
     134.207    33.395    155.225     0.430
     134.213    33.935    150.255     0.242
     134.232    34.039    150.945     0.206
     134.282    33.528    155.433     0.385
     134.303    33.790    154.359     0.277
     134.354    34.098    150.642     0.184
     134.374    33.619    154.179     0.344
     134.391    33.880    156.501     0.251
     134.459    33.995    157.166     0.206
     134.486    33.823    155.376     0.264
     134.512    33.934    158.629     0.247
     134.535    33.726    156.038     0.295
     134.562    34.061    153.435     0.201
     134.593    33.776    157.068     0.282
     134.607    34.173    154.983     0.166
     134.628    33.928    155.556     0.242
     134.670    33.831    156.251     0.273
     135.169    33.852    162.255     0.262
     135.374    33.685    161.565     0.316
     135.400    33.745    163.496     0.282
     135.410    33.648    162.121     0.326
     135.500    33.555    163.142     0.345
     135.513    33.786    162.897     0.272
     135.538    33.659    165.069     0.310
     135.559    33.942    167.735     0.235
     135.595    33.748    165.466     0.279
     135.604    33.506    162.553     0.367
     135.714    33.638    166.866     0.308
     135.740    33.970    167.735     0.235
     135.749    34.157    169.216     0.214
     135.770    33.484    164.055     0.364
     135.778    33.476    164.055     0.364
     135.787    33.816    171.870     0.283
     135.840    33.520    168.024     0.337
     135.860    34.243    171.870     0.212
     135.877    33.800    171.573     0.273
     135.888    33.669    166.430     0.298
     135.926    33.584    165.964     0.330
     135.934    33.878    167.005     0.267
     135.943    33.578    165.530     0.320
     135.970    34.039    167.735     0.235
     136.009    34.294    172.235     0.222
     136.017    33.742    165.964     0.289
     136.092    33.876    167.005     0.267
     136.104    34.181    170.134     0.233
     136.147    33.933    167.005     0.267
     136.180    34.495    173.991     0.191
     136.182    33.929    167.005     0.267
     136.205    34.061    168.690     0.255
     136.342    34.434    172.235     0.222
     136.351    34.209    168.232     0.245
     136.396    34.299    170.134     0.233
     136.440    34.604    171.027     0.192
     136.483    34.421    172.569     0.232
     136.511    34.760    171.469     0.202
     136.549    34.286    172.875     0.242
     136.559    34.548    169.695     0.224
     136.638    34.432    168.232     0.245
     136.812    34.374    167.005     0.267
     136.831    34.254    165.466     0.279
     136.862    34.466    163.740     0.250
     136.949    34.741    166.504     0.257
     136.993    34.545    163.496     0.282
     137.072    34.996    167.196     0.226
     137.080    34.610    164.932     0.269
     137.131    34.796    165.379     0.238
     137.165    34.918    165.964     0.247
     137.291    34.649    164.358     0.260
     137.313    34.920    165.379     0.238
     137.327    35.040    164.745     0.228
     137.352    34.787    164.358     0.260
     137.437    34.968    165.379     0.238
     137.448    34.865    168.232     0.245
     137.530    34.718    162.897     0.272
     137.530    34.718    162.897     0.272
     137.569    34.809    163.740     0.250
     137.591    35.101    164.745     0.228
     137.591    34.938    165.964     0.247
     137.652    34.702    163.496     0.282
     137.688    34.836    165.964     0.247
     137.697    34.752    163.496     0.282
     137.712    35.080    167.196     0.226
     137.787    34.741    163.496     0.282
     137.809    34.793    165.466     0.279
     137.835    34.942    165.964     0.247
     137.840    34.877    167.005     0.267
     137.840    34.672    164.055     0.291
     137.929    34.756    165.466     0.279
     137.950    34.844    167.005     0.267
     137.955    34.671    164.578     0.301
     137.965    34.902    163.740     0.250
     137.999    35.032    167.735     0.235
     138.036    34.877    164.358     0.260
     138.036    34.786    165.466     0.279
     138.065    34.666    164.578     0.301
     138.072    34.715    165.964     0.289
     138.094    34.940    165.964     0.247
     138.101    35.045    170.134     0.233
     138.118    34.680    164.578     0.301
     138.149    34.643    169.380     0.326
     138.155    35.104    171.870     0.212
     138.157    34.758    165.466     0.279
     138.179    34.634    165.530     0.320
     138.197    34.849    164.358     0.260
     138.203    34.678    165.069     0.310
     138.236    34.605    164.291     0.332
     138.246    34.738    164.578     0.301
     138.271    34.954    164.358     0.260
     138.275    35.201    164.932     0.269
     138.349    34.871    165.466     0.279
     138.391    35.103    163.740     0.250
     138.400    34.990    164.932     0.269
     138.469    35.290    168.232     0.245
     138.539    34.986    167.905     0.286
     138.548    35.067    167.471     0.277
     138.634    35.117    169.875     0.284
     138.641    35.203    171.254     0.263
     138.149    34.080    150.779     0.434
     137.615    33.880    161.565     0.389
     137.404    34.180    156.870     0.328
     137.011    33.670    173.008     0.320
     136.679    33.430    159.794     0.440
     136.367    33.330    156.571     0.392
     135.574    33.160    159.418     0.515
     134.943    33.351    178.820     0.437
     134.812    32.870    161.297     0.474
     133.671    32.820    153.759     0.475
     134.031    32.430    155.145     0.450
     133.220    32.370    136.608     0.403
     133.581    31.930    146.981     0.545
     132.420    32.380    128.550     0.409
     132.490    31.970    145.763     0.261
