     131.516    32.171    146.053     0.019
     131.531    32.557    145.483     0.009
     131.579    33.229   -166.484     0.016
     131.583    32.316    -61.705     0.067
     131.588    32.987    159.816     0.011
     131.629    32.853    142.179     0.010
     131.632    32.446    149.292     0.006
     131.670    32.429    148.834     0.010
     131.748    33.097   -154.957     0.025
     131.757    32.704     54.948     0.015
     131.798    33.240    168.074     0.005
     131.876    32.925     -0.143     0.000
     132.039    32.937    -29.772     0.038
     132.046    33.369    130.475     0.021
     132.222    33.435    120.450     0.012
     132.281    33.470     62.910     0.011
     132.360    33.203     82.920     0.025
     132.475    33.385     45.733     0.017
     132.487    33.612     80.091     0.017
     132.489    33.040    -84.872     0.029
     132.544    33.178     -7.328     0.002
     132.556    32.739    -66.835     0.025
     132.562    32.964    -51.818     0.021
     132.565    33.511     47.810     0.022
     132.634    33.097    -58.941     0.013
     132.676    32.928    148.436     0.010
     132.694    33.447   -147.322     0.030
     132.704    32.841    127.759     0.006
     132.744    33.306    -16.854     0.003
     132.793    33.172    -18.445     0.003
     132.799    33.643     82.622     0.002
     132.811    32.762    146.846     0.011
     132.822    33.061    -74.217     0.009
     132.832    32.961   -144.487     0.010
     132.912    33.797    117.274     0.009
     132.923    33.392    -28.014     0.003
     132.938    33.570     37.834     0.006
     132.962    33.104    158.609     0.006
     132.967    32.756    156.159     0.007
     132.972    33.194      8.238     0.002
     132.974    33.313     30.266     0.005
     132.982    32.870    -54.827     0.002
     133.000    32.992     -1.422     0.000
     133.090    33.417     52.095     0.005
     133.129    33.216     -4.900     0.001
     133.155    33.608     10.313     0.001
     133.229    33.328     93.940     0.005
     133.242    33.273   -155.552     0.003
     133.244    33.334     95.191     0.005
     133.281    33.469   -167.500     0.005
     133.363    33.705    100.500     0.009
     133.432    33.546     35.359     0.004
     133.463    33.819    -11.261     0.001
     133.532    33.627     28.332     0.004
     133.539    33.940    -94.377     0.044
     133.579    33.530     74.847     0.012
     133.682    33.938    128.037     0.023
     133.701    33.543     45.017     0.011
     133.798    33.840    -73.385     0.094
     133.806    33.655     53.804     0.014
     133.876    34.041     48.592     0.024
     133.905    33.506   -120.979     0.006
     133.923    33.876    176.865     0.003
     133.942    33.723     46.757     0.005
     134.008    33.428    169.571     0.002
     134.050    34.052    -98.196     0.008
     134.057    33.368    143.991     0.003
     134.060    33.878     41.127     0.039
     134.101    33.498   -153.752     0.004
     134.108    33.604     21.118     0.002
     134.123    33.316    120.841     0.006
     134.178    33.252     32.025     0.008
     134.179    33.267     55.622     0.011
     134.207    33.395   -127.027     0.006
     134.213    33.935    153.046     0.006
     134.232    34.039   -131.528     0.007
     134.282    33.528   -161.490     0.005
     134.303    33.790   -114.112     0.013
     134.354    34.098    -35.842     0.005
     134.374    33.619    111.104     0.008
     134.391    33.880   -123.515     0.018
     134.459    33.995    -80.755     0.023
     134.486    33.823    -43.961     0.002
     134.512    33.934   -156.933     0.012
     134.535    33.726     59.863     0.008
     134.562    34.061     85.322     0.010
     134.593    33.776    100.616     0.009
     134.607    34.173    -15.017     0.003
     134.628    33.928    106.371     0.015
     134.670    33.831    106.561     0.025
     135.169    33.852     93.835     0.013
     135.374    33.685     96.377     0.022
     135.400    33.745      2.159     0.000
     135.410    33.648     87.278     0.017
     135.500    33.555      8.955     0.003
     135.513    33.786     43.414     0.009
     135.538    33.659    -61.057     0.008
     135.559    33.942    -50.423     0.010
     135.595    33.748    -30.229     0.005
     135.604    33.506     56.986     0.011
     135.714    33.638    -64.024     0.010
     135.740    33.970      4.243     0.001
     135.749    34.157      6.198     0.001
     135.770    33.484    107.005     0.007
     135.778    33.476     87.664     0.006
     135.787    33.816   -132.671     0.026
     135.840    33.520    -88.983     0.021
     135.860    34.243    -96.635     0.008
     135.877    33.800    -97.531     0.024
     135.888    33.669     76.047     0.007
     135.926    33.584    150.232     0.010
     135.934    33.878    108.436     0.009
     135.943    33.578    100.623     0.009
     135.970    34.039     19.451     0.005
     136.009    34.294   -161.032     0.005
     136.017    33.742    100.102     0.011
     136.092    33.876      8.522     0.001
     136.104    34.181   -159.717     0.001
     136.147    33.933    157.863     0.001
     136.180    34.495    -58.633     0.007
     136.182    33.929   -131.488     0.001
     136.205    34.061   -156.891     0.003
     136.342    34.434    172.926     0.002
     136.351    34.209    113.355     0.010
     136.396    34.299     85.271     0.004
     136.440    34.604     14.998     0.005
     136.483    34.421   -143.922     0.006
     136.511    34.760    133.141     0.003
     136.549    34.286    -75.696     0.020
     136.559    34.548     94.093     0.008
     136.638    34.432    103.109     0.008
     136.812    34.374   -102.176     0.005
     136.831    34.254   -169.561     0.001
     136.862    34.466     16.610     0.007
     136.949    34.741    169.386     0.002
     136.993    34.545    141.508     0.011
     137.072    34.996    -68.248     0.006
     137.080    34.610   -130.944     0.003
     137.131    34.796    -12.141     0.004
     137.165    34.918    172.075     0.002
     137.291    34.649    -33.090     0.008
     137.313    34.920    -17.774     0.002
     137.327    35.040     78.277     0.004
     137.352    34.787    140.564     0.003
     137.437    34.968    145.123     0.000
     137.448    34.865    -85.420     0.022
     137.530    34.718     97.929     0.004
     137.530    34.718     97.929     0.004
     137.569    34.809     -1.750     0.000
     137.591    35.101    112.156     0.015
     137.591    34.938   -174.684     0.001
     137.652    34.702   -170.619     0.001
     137.688    34.836    -41.134     0.012
     137.697    34.752    154.173     0.006
     137.712    35.080     97.898     0.004
     137.787    34.741    131.718     0.005
     137.809    34.793   -175.343     0.001
     137.835    34.942    129.533     0.005
     137.840    34.877   -170.298     0.003
     137.840    34.672    -63.608     0.004
     137.929    34.756   -111.946     0.003
     137.950    34.844   -147.917     0.006
     137.955    34.671   -179.302     0.000
     137.965    34.902     65.318     0.015
     137.999    35.032     21.964     0.001
     138.036    34.877     85.914     0.013
     138.036    34.786    145.863     0.003
     138.065    34.666     20.700     0.003
     138.072    34.715    -41.904     0.005
     138.094    34.940     23.824     0.002
     138.101    35.045    -71.702     0.018
     138.118    34.680     38.589     0.005
     138.149    34.643   -123.336     0.029
     138.155    35.104    -44.197     0.032
     138.157    34.758      3.431     0.001
     138.179    34.634    -83.088     0.004
     138.197    34.849     22.728     0.007
     138.203    34.678     80.342     0.004
     138.236    34.605     27.367     0.002
     138.246    34.738    107.196     0.010
     138.271    34.954     87.874     0.006
     138.275    35.201    147.363     0.022
     138.349    34.871    167.616     0.001
     138.391    35.103     18.910     0.004
     138.400    34.990    172.698     0.001
     138.469    35.290   -163.094     0.000
     138.539    34.986   -160.225     0.004
     138.548    35.067   -108.225     0.002
     138.634    35.117    -71.287     0.002
     138.641    35.203      1.062     0.000
     138.149    34.080     70.165     0.004
     137.615    33.880   -156.209     0.003
     137.404    34.180     56.343     0.007
     137.011    33.670    -19.116     0.003
     136.679    33.430    155.536     0.005
     136.367    33.330    -21.170     0.003
     135.574    33.160   -171.527     0.001
     134.943    33.351   -104.466     0.047
     134.812    32.870     58.144     0.006
     133.671    32.820    -97.302     0.007
     134.031    32.430    -65.869     0.003
     133.220    32.370     -4.024     0.001
     133.581    31.930    160.453     0.001
     132.420    32.380     76.595     0.038
     132.490    31.970    -80.896     0.010
