143.00  31.00   9.90716 
143.00  34.20   9.72036 
146.60  41.20   9.36945 
145.40  39.80   9.36468 
143.00  30.80   9.20169 
144.00  36.40   9.20140 
143.40  35.40   9.16101 
145.60  40.20   9.07057 
143.20  35.00   8.97293 
144.60  37.60   8.94390 
145.00  38.80   8.87589 
143.00  34.40   8.85664 
145.20  39.40   8.83515 
144.80  38.20   8.59485 
143.60  35.80   8.55948 
144.20  36.80   8.55888 
146.80  41.40   8.42792 
144.40  37.20   8.40040 
143.00  30.60   8.39645 
143.00  34.60   7.86045 
145.40  40.00   7.71358 
143.80  36.20   7.66125 
145.00  39.00   7.63258 
146.00  40.80   7.60591 
145.80  40.60   7.60050 
143.00  30.40   7.51166 
143.20  35.20   7.49068 
145.20  39.60   7.43535 
147.00  41.60   7.40259 
143.40  35.60   7.20887 
144.80  38.40   7.20213 
144.60  37.80   7.15752 
146.20  41.00   7.06167 
145.60  40.40   7.05089 
142.80  33.60   7.01589 
142.80  33.80   6.94611 
142.80  33.40   6.90309 
144.00  36.60   6.76672 
143.00  34.80   6.76642 
142.80  33.20   6.72297 
143.00  30.20   6.63599 
142.80  34.00   6.61659 
142.80  33.00   6.57386 
142.80  32.00   6.50428 
142.80  32.80   6.48919 
142.80  31.80   6.43873 
145.00  39.20   6.43240 
142.80  32.20   6.41192 
142.80  32.60   6.38660 
142.80  32.40   6.31679 
143.60  36.00   6.28106 
144.40  37.40   6.27886 
144.20  37.00   6.19588 
142.80  31.60   6.16363 
146.40  41.20   6.08969 
143.00  30.00   6.04733 
142.80  34.20   6.01693 
145.20  39.80   6.01157 
145.40  40.20   6.01074 
144.80  38.60   5.94968 
143.20  35.40   5.83641 
142.80  31.40   5.70199 
143.00  35.00   5.56388 
144.60  38.00   5.56313 
143.80  36.40   5.23818 
145.00  39.40   5.23489 
142.80  34.40   5.20304 
142.80  31.20   5.09951 
143.40  35.80   5.05763 
145.80  40.80   5.00230 
145.60  40.60   4.91405 
146.60  41.40   4.89534 
144.80  38.80   4.79637 
145.20  40.00   4.56194 
146.00  41.00   4.46167 
142.80  31.00   4.38521 
144.00  36.80   4.31748 
144.40  37.60   4.31625 
142.80  34.60   4.27521 
145.40  40.40   4.25026 
143.00  35.20   4.23201 
144.60  38.20   4.14129 
145.00  39.60   4.01480 
143.20  35.60   3.96448 
143.60  36.20   3.91834 
144.20  37.20   3.90313 
144.80  39.00   3.73678 
146.80  41.60   3.55497 
142.80  30.80   3.49829 
146.20  41.20   3.32578 
142.80  34.80   3.31108 
142.60  33.80   3.16997 
145.20  40.20   3.07800 
142.60  33.60   3.00035 
142.60  34.00   2.98563 
144.60  38.40   2.85975 
145.00  39.80   2.77661 
143.80  36.60   2.75831 
143.00  35.40   2.75194 
143.40  36.00   2.75114 
144.80  39.20   2.74868 
145.60  40.80   2.62327 
142.60  33.40   2.60172 
144.40  37.80   2.56093 
142.80  30.60   2.48016 
142.60  34.20   2.43530 
145.40  40.60   2.40966 
142.80  35.00   2.26932 
147.00  41.80   2.26592 
145.80  41.00   2.21660 
142.60  33.20   2.16891 
144.00  37.00   1.90050 
146.40  41.40   1.87761 
142.60  33.00   1.86073 
143.20  35.80   1.82344 
144.60  38.60   1.78097 
144.80  39.40   1.75640 
144.20  37.40   1.74967 
142.60  32.80   1.74243 
142.60  34.40   1.61311 
142.60  32.00   1.59677 
145.20  40.40   1.57700 
142.60  31.80   1.53625 
145.00  40.00   1.53238 
142.60  32.60   1.48651 
143.60  36.40   1.48491 
142.60  32.20   1.39530 
142.80  30.40   1.28111 
142.60  32.40   1.20487 
142.60  31.60   1.17456 
142.80  35.20   1.11912 
146.00  41.20   1.08131 
144.40  38.00   1.07447 
143.00  35.60   1.05587 
144.60  38.80   0.78683 
144.80  39.60   0.71776 
142.60  34.60   0.71047 
142.60  31.40   0.58878 
145.40  40.80   0.41981 
143.40  36.20   0.39924 
146.60  41.60   0.39731 
143.80  36.80   0.26757 
145.00  40.20   0.24622 
145.60  41.00   0.15009 
145.20  40.60   0.06187 
144.60  39.00   -0.07969 
142.60  34.80   -0.08798 
142.80  35.40   -0.10663 
142.60  31.20   -0.12647 
142.80  30.20   -0.13311 
144.40  38.20   -0.19708 
144.20  37.60   -0.20830 
144.80  39.80   -0.33843 
144.00  37.20   -0.43961 
142.40  33.80   -0.44874 
142.40  34.00   -0.49272 
143.20  36.00   -0.54716 
146.20  41.40   -0.61270 
145.80  41.20   -0.73218 
144.60  39.20   -0.80887 
142.60  31.00   -0.87580 
142.40  33.60   -0.89294 
142.60  35.00   -0.94024 
143.00  35.80   -1.00937 
143.60  36.60   -1.01209 
145.00  40.40   -1.02160 
142.40  34.20   -1.03612 
146.80  41.80   -1.22035 
144.80  40.00   -1.34642 
144.40  38.40   -1.38987 
142.80  35.60   -1.44310 
142.80  30.00   -1.47900 
145.20  40.80   -1.55771 
144.60  39.40   -1.56330 
142.40  33.40   -1.62935 
145.40  41.00   -1.83468 
142.60  30.80   -1.89589 
142.60  35.20   -1.92153 
144.20  37.80   -1.92575 
142.40  34.40   -1.95290 
143.40  36.40   -1.99056 
143.80  37.00   -2.15595 
145.00  40.60   -2.19593 
144.40  38.60   -2.22634 
146.40  41.60   -2.29910 
142.40  33.20   -2.32654 
147.00  42.00   -2.41505 
144.60  39.60   -2.42421 
145.60  41.20   -2.46954 
144.80  40.20   -2.47012 
146.00  41.40   -2.50337 
144.00  37.40   -2.58290 
142.40  32.80   -2.68269 
142.40  33.00   -2.75971 
143.20  36.20   -2.85566 
142.60  35.40   -2.86971 
142.40  34.60   -2.92035 
142.60  30.60   -2.97163 
144.40  38.80   -3.09444 
142.40  32.00   -3.10818 
142.40  32.60   -3.14317 
142.80  35.80   -3.15187 
142.40  31.80   -3.18070 
144.20  38.00   -3.23782 
144.60  39.80   -3.32634 
145.00  40.80   -3.35042 
142.40  34.80   -3.45969 
142.40  32.20   -3.48638 
145.20  41.00   -3.49778 
143.60  36.80   -3.51376 
143.00  36.00   -3.55329 
144.80  40.40   -3.57750 
142.40  31.60   -3.66289 
142.60  35.60   -3.68127 
146.60  41.80   -3.77991 
145.80  41.40   -3.78786 
144.40  39.00   -3.79115 
142.20  34.00   -3.91418 
142.40  32.40   -3.94859 
144.60  40.00   -3.98323 
142.20  33.80   -3.99432 
142.40  35.00   -4.07875 
144.40  39.20   -4.18954 
142.60  30.40   -4.21355 
144.20  38.20   -4.22472 
142.60  35.80   -4.24044 
142.40  31.40   -4.38335 
143.40  36.60   -4.44316 
145.40  41.20   -4.44911 
144.00  37.60   -4.45917 
142.20  34.20   -4.46448 
144.80  40.60   -4.47486 
146.20  41.60   -4.50821 
143.80  37.20   -4.50977 
144.40  39.40   -4.65728 
142.20  33.60   -4.72066 
145.00  41.00   -4.77142 
144.60  40.20   -4.96007 
142.40  35.20   -4.96557 
145.60  41.40   -5.10206 
143.20  36.40   -5.11748 
144.80  40.80   -5.20068 
142.40  31.20   -5.20708 
144.40  39.60   -5.33042 
144.20  38.40   -5.40488 
142.20  34.40   -5.53294 
146.80  42.00   -5.53951 
142.40  35.40   -5.72884 
142.40  31.00   -5.78319 
143.00  36.20   -5.80246 
142.20  33.40   -5.80728 
143.60  37.00   -5.82336 
144.20  38.60   -5.86302 
142.60  30.20   -5.88951 
147.00  42.20   -5.92769 
144.60  40.40   -5.95216 
144.80  41.00   -5.95922 
146.40  41.80   -5.98161 
142.80  36.00   -6.03185 
145.20  41.20   -6.04155 
144.00  37.80   -6.11138 
146.00  41.60   -6.12063 
144.40  39.80   -6.18465 
144.40  40.00   -6.28568 
142.40  35.80   -6.31003 
142.20  32.80   -6.38777 
143.80  37.40   -6.54338 
142.40  35.60   -6.56218 
142.20  33.20   -6.66323 
144.20  38.80   -6.69720 
142.20  34.60   -6.71013 
144.60  40.60   -6.73255 
142.60  36.00   -6.80045 
142.20  34.80   -6.82108 
145.80  41.60   -6.93641 
143.40  36.80   -6.94393 
142.40  30.80   -6.96183 
144.40  40.20   -7.03892 
142.20  32.60   -7.09172 
142.20  33.00   -7.12700 
145.00  41.20   -7.16267 
142.20  35.00   -7.17761 
146.60  42.00   -7.18682 
144.00  38.00   -7.19535 
145.40  41.40   -7.30108 
144.20  39.00   -7.31550 
144.20  39.20   -7.33310 
143.20  36.60   -7.36190 
144.60  40.80   -7.40287 
144.40  40.40   -7.41783 
144.20  39.40   -7.49302 
144.00  38.20   -7.61387 
142.20  32.00   -7.62930 
142.00  34.00   -7.65794 
146.20  41.80   -7.67004 
142.20  31.80   -7.80655 
142.00  33.80   -7.81956 
144.60  41.00   -7.82905 
144.20  39.60   -7.84867 
143.00  36.40   -7.92909 
142.40  30.60   -7.94072 
142.20  35.40   -7.96507 
142.20  35.20   -7.98180 
145.60  41.60   -8.01001 
142.20  32.20   -8.08062 
143.60  37.20   -8.11788 
143.80  37.60   -8.11867 
142.00  34.20   -8.13222 
142.60  30.00   -8.13294 
147.00  42.40   -8.18403 
142.80  36.20   -8.24804 
144.40  40.60   -8.27203 
144.80  41.20   -8.42669 
142.20  31.60   -8.43640 
144.20  39.80   -8.55980 
146.80  42.20   -8.56469 
146.40  42.00   -8.59888 
144.00  38.40   -8.60964 
142.00  33.60   -8.73305 
142.40  30.40   -8.74361 
144.20  40.00   -8.77344 
146.00  41.80   -8.79482 
142.40  36.00   -8.91611 
145.20  41.40   -8.92725 
144.00  38.60   -8.94527 
143.40  37.00   -8.95351 
144.40  40.80   -8.99463 
142.20  32.40   -9.03497 
142.00  32.80   -9.13577 
144.20  40.20   -9.15641 
142.00  34.40   -9.16300 
142.20  35.60   -9.16689 
142.20  31.40   -9.24505 
142.40  30.20   -9.29873 
143.80  37.80   -9.38021 
144.20  40.40   -9.50334 
144.00  38.80   -9.64965 
146.60  42.20   -9.68229 
143.20  36.80   -9.73499 
145.80  41.80   -9.73961 
142.60  36.20   -9.80839 
144.40  41.00   -9.84067 
146.20  42.00   -9.84715 
143.60  37.40   -9.87170 
143.00  36.60   -9.89154 
145.40  41.60   -9.91306 
142.00  33.40   -10.04020 
144.20  40.60   -10.10000 
142.00  32.60   -10.10000 
142.20  35.80   -10.12470 
144.00  39.00   -10.20000 
142.20  31.20   -10.20000 
142.20  31.00   -10.20000 
142.00  34.80   -10.24990 
142.00  33.00   -10.27010 
144.00  39.20   -10.30000 
142.00  34.60   -10.30090 
145.00  41.40   -10.31410 
144.60  41.20   -10.31650 
142.80  36.40   -10.36430 
144.00  39.40   -10.40000 
143.80  38.00   -10.41740 
142.00  33.20   -10.59130 
144.00  39.60   -10.60000 
146.40  42.20   -10.61360 
144.20  40.80   -10.70000 
146.80  42.40   -10.72020 
142.00  35.00   -10.83970 
143.40  37.20   -10.89650 
146.00  42.00   -10.92740 
145.60  41.80   -10.94810 
144.00  39.80   -11.00000 
143.80  38.20   -11.10000 
142.40  30.00   -11.14540 
143.60  37.60   -11.19790 
144.00  40.00   -11.20000 
144.00  40.20   -11.40000 
144.20  41.00   -11.50000 
142.00  35.20   -11.51660 
142.20  30.80   -11.62350 
143.20  37.00   -11.63380 
146.60  42.40   -11.69410 
144.00  40.40   -11.70000 
143.80  38.40   -11.70000 
145.20  41.60   -11.76720 
146.20  42.20   -11.80160 
144.80  41.40   -11.92260 
142.00  35.40   -11.92890 
147.00  42.60   -11.94630 
142.40  36.20   -12.07160 
143.00  36.80   -12.09560 
144.00  40.60   -12.10000 
143.80  38.60   -12.10000 
142.00  32.40   -12.20000 
145.80  42.00   -12.20010 
143.60  37.80   -12.33920 
144.40  41.20   -12.36870 
142.20  36.00   -12.42100 
142.80  36.60   -12.42900 
143.80  38.80   -12.50000 
142.00  32.20   -12.50000 
142.00  32.00   -12.50000 
142.60  36.40   -12.50430 
143.40  37.40   -12.53540 
144.00  40.80   -12.60000 
145.40  41.80   -12.70620 
146.80  42.60   -12.71890 
141.80  34.00   -12.76510 
146.40  42.40   -12.79700 
142.00  31.80   -12.80000 
142.20  30.60   -12.80200 
143.80  39.00   -12.90000 
141.80  33.80   -12.98840 
143.80  39.20   -13.00000 
142.00  35.60   -13.00090 
141.80  34.20   -13.08170 
143.80  39.40   -13.10000 
146.00  42.20   -13.10670 
143.80  39.60   -13.20000 
143.60  38.00   -13.33340 
143.80  39.80   -13.40000 
142.00  31.60   -13.40000 
143.20  37.20   -13.41020 
144.00  41.00   -13.50000 
143.80  40.00   -13.60000 
145.00  41.60   -13.64950 
145.60  42.00   -13.68180 
141.80  33.60   -13.73200 
146.60  42.60   -13.78380 
143.80  40.20   -13.80000 
141.80  34.40   -13.81540 
142.20  30.40   -13.84100 
143.40  37.60   -13.87990 
144.60  41.40   -13.94030 
143.80  40.40   -14.00000 
147.00  42.80   -14.00800 
146.20  42.40   -14.02100 
143.00  37.00   -14.05110 
143.60  38.20   -14.10000 
142.00  31.40   -14.10000 
141.80  32.80   -14.20000 
144.20  41.20   -14.25070 
143.80  40.60   -14.30000 
142.00  35.80   -14.39760 
142.80  36.80   -14.54970 
145.80  42.20   -14.57260 
141.80  34.60   -14.57430 
143.60  38.40   -14.60000 
141.80  33.40   -14.61200 
141.80  33.00   -14.65040 
142.00  31.20   -14.70000 
142.00  31.00   -14.70000 
142.20  30.20   -14.70630 
145.20  41.80   -14.74430 
143.80  40.80   -14.80000 
141.80  34.80   -14.84160 
143.60  38.60   -14.90000 
142.60  36.60   -14.91780 
141.80  33.20   -14.94320 
146.80  42.80   -14.98010 
141.80  32.60   -15.00000 
143.20  37.40   -15.00220 
142.40  36.40   -15.03200 
143.40  37.80   -15.03530 
146.40  42.60   -15.05210 
141.80  35.00   -15.29960 
143.60  38.80   -15.30000 
142.20  36.20   -15.30850 
143.60  39.00   -15.50000 
146.00  42.40   -15.52110 
145.40  42.00   -15.57990 
143.80  41.00   -15.60000 
143.60  39.20   -15.70000 
144.80  41.60   -15.77150 
143.60  39.60   -15.80000 
143.60  39.40   -15.80000 
141.80  35.20   -15.82800 
142.20  30.00   -15.82820 
143.00  37.20   -15.83170 
143.60  39.80   -16.00000 
143.40  38.00   -16.02780 
142.00  30.80   -16.07830 
144.40  41.40   -16.09720 
143.60  40.00   -16.10000 
144.00  41.20   -16.19180 
143.60  40.20   -16.20000 
141.80  32.40   -16.30000 
145.60  42.20   -16.35450 
143.20  37.60   -16.39180 
141.80  35.40   -16.39510 
146.60  42.80   -16.39580 
143.60  40.40   -16.40000 
142.80  37.00   -16.52970 
146.20  42.60   -16.53900 
142.00  36.00   -16.55890 
143.60  40.60   -16.60000 
147.00  43.00   -16.75860 
143.40  38.20   -16.80000 
141.80  32.20   -16.90000 
143.60  40.80   -17.10000 
145.00  41.80   -17.12200 
142.60  36.80   -17.15590 
141.80  32.00   -17.20000 
143.40  38.40   -17.30000 
145.80  42.40   -17.34730 
141.80  35.60   -17.39900 
143.00  37.40   -17.44880 
143.40  38.60   -17.60000 
141.80  31.80   -17.60000 
143.20  37.80   -17.60670 
142.40  36.60   -17.67860 
142.00  30.60   -17.86020 
145.20  42.00   -17.87330 
143.60  41.00   -17.90000 
143.40  38.80   -18.00000 
141.80  31.60   -18.00000 
144.20  41.40   -18.12260 
146.40  42.80   -18.13070 
146.80  43.00   -18.13440 
143.80  41.20   -18.15510 
144.60  41.60   -18.16470 
143.40  39.00   -18.20000 
142.20  36.40   -18.21950 
142.80  37.20   -18.35100 
143.40  39.20   -18.40000 
141.80  31.40   -18.40000 
141.60  34.00   -18.41400 
146.00  42.60   -18.45230 
143.40  39.60   -18.50000 
143.40  39.40   -18.50000 
141.60  34.20   -18.56590 
143.40  39.80   -18.60000 
145.40  42.20   -18.65080 
143.20  38.00   -18.65390 
141.60  33.80   -18.66510 
143.40  40.00   -18.70000 
141.80  31.20   -18.70000 
141.80  31.00   -18.70000 
143.40  40.20   -18.80000 
141.80  35.80   -18.88440 
143.00  37.60   -18.89540 
143.40  40.40   -19.00000 
141.60  34.40   -19.03570 
143.40  40.60   -19.20000 
142.60  37.00   -19.20810 
142.00  36.20   -19.22370 
141.60  33.60   -19.22490 
143.20  38.20   -19.50000 
141.60  34.60   -19.56790 
143.40  40.80   -19.60000 
145.60  42.40   -19.60560 
142.00  30.40   -19.61380 
141.60  32.80   -19.70000 
141.60  33.40   -19.78910 
141.60  33.00   -19.81630 
144.80  41.80   -19.85140 
141.60  34.80   -19.91650 
144.00  41.40   -19.99010 
141.60  33.20   -19.99010 
143.20  38.40   -20.00000 
142.80  37.40   -20.01770 
142.40  36.80   -20.04480 
143.00  37.80   -20.16700 
146.20  42.80   -20.17720 
146.60  43.00   -20.21440 
141.60  35.00   -20.25570 
143.60  41.20   -20.26050 
143.40  41.00   -20.40000 
143.20  38.60   -20.40000 
141.60  32.60   -20.40000 
144.40  41.60   -20.61250 
141.60  35.20   -20.61810 
141.80  30.80   -20.66250 
143.20  38.80   -20.70000 
145.00  42.00   -20.80030 
145.80  42.60   -20.84480 
142.20  36.60   -20.91040 
141.80  36.00   -20.98460 
143.20  39.00   -21.00000 
142.60  37.20   -21.08970 
147.00  43.20   -21.09540 
142.00  30.20   -21.09700 
143.20  39.20   -21.10000 
141.60  35.40   -21.11040 
143.20  39.40   -21.20000 
143.00  38.00   -21.24710 
143.20  39.60   -21.30000 
141.60  32.40   -21.30000 
143.20  39.80   -21.40000 
145.20  42.20   -21.41580 
143.20  40.00   -21.50000 
142.80  37.60   -21.52220 
143.20  40.20   -21.60000 
143.80  41.40   -21.71370 
143.20  40.40   -21.80000 
141.60  32.20   -21.90000 
141.60  35.60   -21.99330 
142.00  36.40   -22.01570 
143.20  40.60   -22.10000 
143.00  38.20   -22.10000 
142.40  37.00   -22.17530 
141.60  32.00   -22.20000 
142.00  30.00   -22.23340 
145.40  42.40   -22.43460 
143.20  40.80   -22.50000 
141.60  31.80   -22.50000 
143.40  41.20   -22.63300 
143.00  38.40   -22.70000 
141.60  31.60   -22.70000 
146.40  43.00   -22.76840 
146.00  42.80   -22.79790 
141.60  31.40   -22.80000 
142.60  37.40   -22.81240 
144.20  41.60   -22.81550 
144.60  41.80   -22.82240 
142.80  37.80   -22.84920 
141.60  31.20   -22.90000 
141.60  31.00   -22.90000 
146.80  43.20   -23.13200 
143.20  41.00   -23.20000 
143.00  38.60   -23.20000 
142.20  36.80   -23.31770 
141.60  35.80   -23.42630 
141.80  30.60   -23.42960 
143.60  41.40   -23.48900 
141.80  36.20   -23.55730 
143.00  38.80   -23.60000 
145.60  42.60   -23.78990 
143.00  39.00   -23.90000 
142.80  38.00   -23.98030 
143.00  39.20   -24.10000 
142.40  37.20   -24.12270 
144.80  42.00   -24.23980 
143.00  39.40   -24.30000 
142.60  37.60   -24.36910 
141.40  34.00   -24.38490 
141.40  34.20   -24.39330 
143.00  39.60   -24.40000 
143.00  39.80   -24.50000 
143.00  40.00   -24.60000 
144.00  41.60   -24.60670 
142.00  36.60   -24.65700 
141.40  34.40   -24.68170 
141.40  33.80   -24.69110 
143.00  40.20   -24.80000 
142.80  38.20   -24.90000 
145.00  42.20   -24.96480 
143.00  40.40   -25.00000 
141.40  34.60   -25.07300 
141.40  33.60   -25.18420 
143.00  40.60   -25.20000 
141.40  34.80   -25.37920 
143.20  41.20   -25.42270 
142.20  37.00   -25.48310 
141.40  32.80   -25.50000 
141.60  36.00   -25.50070 
141.40  35.00   -25.57810 
142.80  38.40   -25.60000 
143.40  41.40   -25.61680 
141.40  33.00   -25.61890 
141.40  33.40   -25.62010 
143.00  40.80   -25.70000 
146.20  43.00   -25.71100 
145.20  42.40   -25.71390 
141.40  35.20   -25.71760 
142.60  37.80   -25.74260 
141.40  33.20   -25.77020 
144.40  41.80   -25.77940 
141.60  30.80   -25.84270 
142.40  37.40   -25.90540 
143.80  41.60   -25.96530 
141.40  35.40   -25.97480 
145.80  42.80   -26.04460 
142.80  38.60   -26.10000 
141.80  30.40   -26.21440 
146.60  43.20   -26.27060 
143.00  41.00   -26.30000 
141.80  36.40   -26.30660 
141.40  32.60   -26.40000 
142.80  38.80   -26.60000 
141.40  35.60   -26.62350 
142.60  38.00   -26.91990 
142.80  39.00   -27.00000 
142.00  36.80   -27.01610 
141.40  32.40   -27.20000 
143.60  41.60   -27.21050 
142.80  39.20   -27.30000 
145.40  42.60   -27.31760 
142.20  37.20   -27.49340 
142.80  39.40   -27.50000 
142.40  37.60   -27.51170 
141.40  32.20   -27.60000 
142.80  39.60   -27.70000 
141.40  32.00   -27.80000 
141.40  35.80   -27.89850 
142.80  39.80   -27.90000 
142.60  38.20   -27.90000 
144.60  42.00   -27.95920 
142.80  40.00   -28.00000 
141.40  31.80   -28.10000 
141.40  31.40   -28.10000 
141.40  31.20   -28.10000 
141.40  31.00   -28.10000 
141.60  36.20   -28.11270 
147.00  43.40   -28.18850 
142.80  40.20   -28.20000 
141.40  31.60   -28.20000 
144.20  41.80   -28.28330 
143.20  41.40   -28.39120 
142.80  40.40   -28.50000 
141.80  30.20   -28.54840 
142.60  38.40   -28.70000 
143.00  41.20   -28.71220 
142.80  40.60   -28.90000 
143.40  41.60   -28.90120 
141.80  36.60   -28.91330 
142.40  37.80   -28.92360 
142.00  37.00   -29.14470 
144.80  42.20   -29.20650 
142.80  40.80   -29.30000 
142.60  38.60   -29.30000 
142.20  37.40   -29.35100 
146.00  43.00   -29.35760 
145.00  42.40   -29.87750 
142.80  41.00   -29.90000 
142.60  38.80   -29.90000 
141.60  30.60   -29.92650 
141.40  36.00   -29.93890 
145.60  42.80   -30.01490 
144.00  41.80   -30.04110 
146.40  43.20   -30.07000 
142.40  38.00   -30.14200 
141.80  30.00   -30.16500 
142.60  39.00   -30.40000 
141.20  34.20   -30.57990 
141.20  34.00   -30.71550 
141.20  34.40   -30.72930 
142.60  39.20   -30.80000 
143.80  41.80   -30.89200 
141.60  36.40   -30.97210 
141.20  35.40   -30.99600 
142.20  37.60   -31.01960 
141.20  34.60   -31.02040 
145.20  42.60   -31.10550 
141.20  35.20   -31.11960 
141.20  33.80   -31.12860 
141.80  36.80   -31.17090 
142.60  39.40   -31.20000 
142.40  38.20   -31.20000 
146.80  43.40   -31.20690 
142.00  37.20   -31.22690 
141.20  34.80   -31.24900 
141.20  35.60   -31.26260 
141.20  35.00   -31.28050 
143.60  41.80   -31.32310 
142.60  39.60   -31.40000 
143.20  41.60   -31.57030 
142.60  39.80   -31.60000 
144.40  42.00   -31.65600 
141.20  33.60   -31.67200 
142.60  40.00   -31.80000 
141.20  32.80   -31.90000 
143.00  41.40   -31.96670 
142.60  40.20   -32.10000 
142.40  38.40   -32.10000 
141.20  33.40   -32.13760 
141.20  35.80   -32.24310 
141.20  33.00   -32.25440 
143.40  41.80   -32.28670 
141.40  30.80   -32.31050 
141.20  33.20   -32.35680 
142.20  37.80   -32.46740 
142.60  40.40   -32.50000 
142.80  41.20   -32.55460 
141.40  36.20   -32.67910 
142.60  40.60   -32.90000 
142.40  38.60   -32.90000 
141.80  37.00   -33.15940 
142.00  37.40   -33.20320 
142.60  40.80   -33.40000 
141.20  32.60   -33.40000 
142.40  38.80   -33.50000 
141.60  36.60   -33.66600 
142.20  38.00   -33.70250 
145.80  43.00   -33.70530 
144.60  42.20   -33.83910 
142.60  41.00   -33.90000 
141.60  30.40   -33.98200 
141.20  32.40   -34.00000 
141.20  36.00   -34.17110 
142.40  39.00   -34.20000 
141.20  32.20   -34.30000 
146.20  43.20   -34.30350 
141.20  32.00   -34.60000 
144.20  42.00   -34.61520 
145.40  42.80   -34.63910 
143.20  41.80   -34.67350 
142.40  39.20   -34.80000 
142.20  38.20   -34.80000 
142.00  37.60   -34.98200 
144.80  42.40   -34.98710 
141.20  31.80   -35.00000 
142.40  39.40   -35.20000 
141.20  31.60   -35.30000 
141.20  31.40   -35.30000 
141.20  31.20   -35.30000 
141.20  31.00   -35.30000 
141.80  37.20   -35.35980 
143.00  41.60   -35.49890 
142.40  39.60   -35.50000 
145.00  42.60   -35.67770 
142.40  39.80   -35.80000 
141.40  36.40   -35.80820 
141.60  36.80   -35.86640 
146.60  43.40   -35.88450 
142.20  38.40   -35.90000 
143.40  42.00   -35.95890 
142.40  40.00   -36.00000 
143.60  42.00   -36.04270 
141.00  35.60   -36.07760 
142.80  41.40   -36.27250 
141.00  35.40   -36.34160 
144.00  42.00   -36.45320 
142.40  40.20   -36.50000 
142.00  37.80   -36.50360 
141.00  35.80   -36.59560 
143.80  42.00   -36.70490 
142.20  38.60   -36.80000 
142.60  41.20   -36.81340 
142.40  40.40   -36.90000 
141.00  35.20   -36.97010 
141.20  36.20   -37.01880 
141.00  34.20   -37.20770 
141.00  34.40   -37.22360 
141.60  30.20   -37.34870 
141.00  34.60   -37.44040 
141.00  35.00   -37.49130 
142.40  40.60   -37.50000 
141.00  34.00   -37.51700 
141.80  37.40   -37.53430 
141.60  37.00   -37.59430 
142.20  38.80   -37.60000 
141.00  34.80   -37.61310 
142.00  38.00   -37.78220 
143.20  42.00   -37.84150 
141.40  30.60   -37.94630 
141.00  33.80   -38.09860 
142.40  40.80   -38.10000 
141.00  36.00   -38.27990 
142.20  39.00   -38.30000 
144.40  42.20   -38.39310 
147.00  43.60   -38.44680 
142.40  41.00   -38.50000 
141.40  36.60   -38.76400 
141.00  33.60   -38.78390 
145.60  43.00   -38.92340 
143.00  41.80   -38.98530 
142.00  38.20   -39.00000 
145.20  42.80   -39.11200 
141.00  32.80   -39.20000 
142.20  39.20   -39.30000 
146.00  43.20   -39.32610 
141.00  33.40   -39.39060 
141.80  37.60   -39.51300 
141.60  30.00   -39.68530 
141.00  33.20   -39.81570 
142.20  39.40   -39.90000 
141.60  37.20   -40.00000 
141.00  33.00   -40.00000 
142.20  39.60   -40.30000 
142.00  38.40   -40.30000 
141.20  36.40   -40.41870 
142.80  41.60   -40.52150 
142.20  39.80   -40.70000 
144.60  42.40   -40.82630 
143.40  42.20   -40.86460 
142.20  40.00   -40.90000 
142.60  41.40   -40.96040 
141.20  30.80   -41.03950 
141.00  36.20   -41.10830 
141.80  37.80   -41.19320 
141.40  36.80   -41.20230 
144.80  42.60   -41.25400 
146.40  43.40   -41.37170 
142.20  40.20   -41.40000 
142.40  41.20   -41.48750 
142.00  38.60   -41.50000 
141.00  32.60   -41.50000 
140.80  35.80   -41.53710 
140.80  35.60   -41.60580 
142.20  40.40   -41.80000 
144.20  42.20   -41.88820 
143.60  42.20   -42.10940 
141.00  32.40   -42.20000 
143.20  42.20   -42.27570 
142.00  38.80   -42.30000 
141.00  32.20   -42.30000 
143.00  42.00   -42.43920 
140.80  35.40   -42.44220 
141.60  37.40   -42.44750 
141.80  38.00   -42.52080 
142.20  40.60   -42.60000 
146.80  43.60   -42.72680 
140.80  36.00   -42.89420 
141.00  32.00   -43.00000 
141.40  37.00   -43.05190 
142.00  39.00   -43.10000 
142.20  40.80   -43.30000 
141.20  36.60   -43.36540 
141.40  30.40   -43.40830 
140.80  35.20   -43.57740 
143.80  42.20   -43.68040 
142.20  41.00   -43.70000 
144.00  42.20   -43.78950 
141.80  38.20   -43.80000 
145.00  42.80   -43.91100 
140.80  34.40   -44.20980 
141.00  31.80   -44.30000 
140.80  34.20   -44.36400 
140.80  34.60   -44.36780 
140.80  35.00   -44.41300 
142.00  39.20   -44.50000 
140.80  34.80   -44.56200 
141.00  36.40   -44.57550 
141.60  37.60   -44.74930 
140.80  34.00   -44.92460 
145.80  43.20   -44.95740 
145.40  43.00   -44.98420 
142.80  41.80   -45.07730 
141.40  37.20   -45.39470 
142.00  39.40   -45.50000 
141.00  31.60   -45.50000 
141.80  38.40   -45.60000 
140.80  33.80   -45.75960 
142.40  41.40   -45.78380 
140.80  36.20   -45.80590 
142.60  41.60   -45.83910 
141.00  31.40   -45.90000 
141.20  36.80   -46.01470 
144.40  42.40   -46.14740 
142.00  39.60   -46.20000 
141.00  31.20   -46.50000 
141.00  31.00   -46.50000 
142.20  41.20   -46.63870 
140.80  33.60   -46.66100 
142.00  39.80   -46.70000 
141.60  37.80   -46.81440 
142.00  40.00   -46.90000 
146.20  43.40   -47.09000 
143.00  42.20   -47.18510 
142.00  40.20   -47.30000 
141.80  38.60   -47.40000 
140.80  33.40   -47.45040 
142.00  40.40   -47.50000 
144.60  42.60   -47.54110 
140.80  32.80   -47.80000 
141.00  36.60   -47.86190 
141.40  30.20   -47.89450 
140.80  33.20   -48.01480 
141.40  37.40   -48.02080 
141.80  38.80   -48.10000 
140.80  33.00   -48.19220 
141.20  30.60   -48.27250 
142.00  40.60   -48.30000 
143.40  42.40   -48.31790 
141.20  37.00   -48.38870 
141.60  38.00   -48.42390 
140.60  35.80   -48.53800 
143.20  42.40   -48.71460 
146.60  43.60   -48.84620 
141.80  39.00   -48.90000 
142.00  40.80   -49.00000 
140.60  35.60   -49.04570 
140.60  36.00   -49.29240 
142.00  41.00   -49.30000 
140.80  36.40   -49.30240 
144.80  42.80   -49.32490 
144.20  42.40   -49.38460 
141.60  38.20   -49.50000 
140.80  32.60   -49.80000 
143.60  42.40   -49.87610 
142.80  42.00   -49.88900 
140.60  35.40   -50.20210 
141.80  39.20   -50.30000 
145.20  43.00   -50.38390 
141.40  37.60   -50.70700 
142.20  41.40   -50.80430 
142.40  41.60   -50.82340 
144.00  42.40   -50.93780 
141.00  36.80   -50.96520 
141.40  30.00   -51.04460 
143.80  42.40   -51.06360 
141.20  37.20   -51.07540 
145.60  43.20   -51.09530 
142.60  41.80   -51.30590 
140.60  35.20   -51.40210 
140.60  36.20   -51.63050 
140.60  34.40   -51.67840 
141.80  39.40   -51.70000 
141.60  38.40   -51.70000 
140.60  34.60   -51.73940 
141.80  39.60   -52.00000 
140.80  32.40   -52.00000 
140.60  34.80   -52.03880 
140.60  34.20   -52.11140 
140.60  35.00   -52.15690 
142.00  41.20   -52.52400 
140.80  32.20   -52.60000 
147.00  43.80   -52.65280 
144.40  42.60   -52.74840 
140.80  36.60   -52.87540 
140.60  34.00   -53.09190 
146.00  43.40   -53.13960 
143.00  42.40   -53.16990 
141.40  37.80   -53.46150 
141.00  30.80   -53.47690 
141.80  39.80   -53.60000 
140.80  32.00   -53.70000 
141.00  37.00   -53.86760 
141.20  37.40   -54.11270 
140.60  33.80   -54.32400 
141.80  40.00   -54.70000 
141.60  38.60   -54.80000 
142.80  42.20   -54.83140 
140.60  36.40   -54.99430 
141.20  30.40   -55.08800 
144.60  42.80   -55.19880 
146.40  43.60   -55.23330 
145.00  43.00   -55.48220 
141.80  40.20   -55.50000 
142.20  41.60   -55.54790 
140.60  33.60   -55.56750 
141.80  40.40   -55.60000 
144.20  42.60   -55.69030 
141.60  38.80   -56.00000 
141.40  38.00   -56.00450 
140.40  35.80   -56.09430 
140.40  36.00   -56.29490 
142.00  41.40   -56.37060 
142.40  41.80   -56.42130 
140.80  36.80   -56.59600 
140.60  33.40   -56.75850 
140.40  35.60   -56.89740 
141.80  40.60   -57.00000 
141.00  37.20   -57.12940 
141.20  37.60   -57.21120 
142.60  42.00   -57.22220 
140.80  31.80   -57.30000 
144.00  42.60   -57.36480 
143.20  42.60   -57.39610 
141.60  39.00   -57.40000 
146.80  43.80   -57.41000 
145.40  43.20   -57.87990 
143.40  42.60   -57.88380 
141.40  38.20   -57.90000 
140.60  33.20   -58.09360 
141.80  40.80   -58.10000 
140.40  35.40   -58.17560 
140.40  36.20   -58.23580 
143.80  42.60   -58.47410 
141.80  41.00   -58.50000 
143.60  42.60   -58.66210 
140.60  36.60   -58.74990 
141.60  39.20   -58.90000 
140.40  35.20   -59.28090 
145.80  43.40   -59.32260 
140.40  34.60   -59.34530 
140.40  34.80   -59.57430 
140.40  34.40   -59.57920 
140.80  37.00   -60.00000 
140.40  35.00   -60.00000 
140.60  33.00   -60.00000 
142.80  42.40   -60.19550 
141.40  38.40   -60.20000 
144.40  42.80   -60.28040 
141.80  41.20   -60.43630 
142.00  41.60   -60.45470 
140.40  34.20   -60.49920 
143.00  42.60   -60.51040 
141.20  37.80   -60.58290 
141.20  30.20   -60.63940 
142.20  41.80   -60.70020 
141.60  39.40   -60.90000 
141.00  37.40   -60.96140 
140.80  31.60   -61.00000 
144.80  43.00   -61.05880 
146.20  43.60   -61.26560 
141.60  39.60   -61.70000 
140.40  36.40   -61.71830 
141.00  30.60   -61.79930 
140.40  34.00   -62.21630 
142.60  42.20   -62.30000 
142.40  42.00   -62.36380 
141.40  38.60   -63.00000 
140.80  31.40   -63.00000 
141.80  41.40   -63.07750 
141.60  39.80   -63.10000 
140.60  32.80   -63.30000 
140.60  36.80   -63.42660 
144.20  42.80   -63.64720 
141.20  38.00   -63.67770 
146.60  43.80   -63.71760 
140.20  35.80   -63.78700 
140.80  37.20   -63.90650 
140.40  33.80   -64.03780 
140.20  36.00   -64.08470 
140.20  35.60   -64.13120 
141.60  40.00   -64.20000 
145.20  43.20   -64.26410 
141.20  30.00   -64.57780 
141.40  38.80   -64.70000 
141.00  37.60   -64.78720 
140.20  35.40   -64.81890 
142.00  41.80   -64.87090 
141.60  40.40   -65.40000 
141.60  40.20   -65.40000 
140.20  35.20   -65.49500 
140.80  31.20   -65.50000 
140.80  31.00   -65.50000 
140.40  33.60   -65.70460 
140.20  36.20   -65.81190 
140.40  36.60   -65.83460 
145.60  43.40   -65.89710 
141.80  41.60   -65.97600 
140.20  35.00   -66.04100 
142.20  42.00   -66.15180 
140.60  32.60   -66.30000 
141.20  38.20   -66.40000 
140.20  34.80   -66.49130 
141.60  40.60   -66.50000 
141.40  39.00   -66.50000 
144.00  42.80   -66.52480 
144.60  43.00   -66.76940 
142.80  42.60   -66.90500 
140.20  34.60   -67.09360 
142.60  42.40   -67.11940 
140.40  33.40   -67.31580 
146.00  43.60   -67.49840 
142.40  42.20   -67.70100 
147.00  44.00   -67.76710 
140.60  37.00   -67.79450 
141.60  40.80   -67.90000 
141.40  39.20   -67.90000 
140.20  34.40   -68.01010 
141.60  41.00   -68.10000 
141.00  37.80   -68.49050 
140.80  37.40   -68.71750 
141.20  38.40   -69.00000 
140.20  36.40   -69.00590 
141.80  41.80   -69.21670 
141.60  41.20   -69.26260 
143.80  42.80   -69.50260 
140.40  33.20   -69.50690 
141.00  30.40   -69.60310 
140.20  34.20   -69.65290 
142.00  42.00   -69.94400 
141.40  39.40   -70.10000 
146.40  43.80   -70.15410 
145.00  43.20   -70.46150 
140.40  36.80   -70.74660 
141.60  41.40   -70.77780 
140.80  30.80   -70.90130 
140.60  32.40   -71.00000 
143.60  42.80   -71.16010 
143.20  42.80   -71.18590 
141.40  39.60   -71.20000 
143.40  42.80   -71.33920 
140.00  35.60   -71.38780 
141.20  38.60   -71.40000 
140.00  35.40   -71.46980 
142.20  42.20   -71.49680 
140.00  35.80   -71.65910 
140.00  35.20   -71.76480 
141.00  38.00   -71.81580 
144.40  43.00   -71.88310 
140.00  36.00   -71.97990 
140.00  35.00   -72.25080 
141.60  41.60   -72.45680 
146.80  44.00   -72.53090 
141.40  39.80   -72.60000 
140.20  34.00   -72.64610 
140.60  37.20   -72.74360 
140.60  32.20   -72.80000 
143.00  42.80   -73.03330 
142.40  42.40   -73.10510 
140.80  37.60   -73.22730 
145.40  43.40   -73.31330 
140.40  33.00   -73.38280 
141.80  42.00   -73.42440 
140.20  36.60   -73.46980 
141.20  38.80   -73.60000 
141.40  40.00   -73.70000 
140.00  36.20   -73.70050 
142.60  42.60   -73.89240 
140.00  34.80   -73.93360 
145.80  43.60   -73.95350 
140.60  32.00   -74.30000 
141.60  41.80   -74.50880 
141.00  38.20   -74.80000 
141.40  40.20   -75.20000 
140.20  33.80   -75.26910 
141.40  40.40   -75.30000 
141.40  40.60   -75.60000 
141.20  39.00   -75.70000 
140.00  34.60   -75.75590 
142.00  42.20   -75.88240 
141.00  30.20   -76.00730 
144.20  43.00   -76.02630 
140.40  37.00   -76.02810 
146.20  43.80   -76.29310 
144.80  43.20   -76.74710 
140.00  36.40   -76.77330 
140.80  37.80   -77.28600 
141.20  39.20   -77.40000 
140.20  33.60   -77.41540 
140.00  34.40   -77.58930 
142.20  42.40   -77.61550 
141.60  42.00   -77.77280 
140.60  37.40   -77.82450 
142.80  42.80   -77.87820 
141.40  40.80   -78.00000 
140.60  31.80   -78.10000 
141.00  38.40   -78.20000 
141.40  41.00   -78.40000 
140.20  36.80   -78.74840 
146.60  44.00   -78.87210 
141.40  41.20   -78.91380 
140.80  30.60   -78.99850 
139.80  35.40   -79.09610 
139.80  35.60   -79.20570 
140.20  33.40   -79.24910 
141.40  41.40   -79.43680 
141.20  39.40   -79.50000 
140.40  32.80   -79.50000 
139.80  35.20   -79.50130 
139.80  36.00   -80.00000 
139.80  35.80   -80.00000 
139.80  35.00   -80.00000 
140.00  34.20   -80.00000 
141.40  41.60   -80.09350 
141.80  42.20   -80.21290 
144.00  43.00   -80.23670 
145.20  43.40   -80.60470 
141.00  30.00   -80.61640 
142.40  42.60   -80.83420 
145.60  43.60   -80.90390 
140.80  38.00   -80.96120 
141.00  38.60   -81.00000 
140.40  32.60   -81.20000 
140.60  31.60   -81.20000 
141.40  41.80   -81.29860 
141.20  39.60   -81.30000 
140.20  33.20   -81.69730 
140.00  36.60   -81.74040 
140.40  37.20   -82.12750 
139.80  36.20   -82.14640 
142.00  42.40   -82.37830 
144.60  43.20   -82.54470 
140.60  37.60   -82.57700 
146.00  43.80   -82.69750 
140.60  31.40   -82.80000 
141.20  39.80   -82.90000 
139.80  34.80   -83.31610 
141.00  38.80   -83.60000 
141.40  42.00   -84.07430 
142.60  42.80   -84.15370 
143.80  43.00   -84.28640 
141.20  40.00   -84.30000 
140.60  31.20   -84.30000 
140.60  31.00   -84.30000 
140.40  32.40   -84.50000 
140.80  38.20   -84.60000 
141.60  42.20   -84.73300 
140.20  37.00   -84.83480 
140.00  34.00   -85.02360 
146.40  44.00   -85.37730 
139.80  36.40   -85.80090 
141.20  40.20   -86.10000 
142.20  42.60   -86.18780 
141.00  39.00   -86.20000 
139.80  34.60   -86.46990 
140.20  33.00   -86.47580 
141.20  40.40   -86.70000 
140.60  37.80   -86.75740 
140.40  32.20   -86.80000 
141.80  42.40   -87.07090 
147.00  44.20   -87.13010 
140.80  30.40   -87.25700 
143.60  43.00   -87.30830 
140.40  37.40   -87.48120 
140.00  36.80   -87.57740 
145.00  43.40   -87.66240 
141.20  40.60   -87.70000 
144.40  43.20   -87.95850 
141.00  39.20   -88.00000 
140.80  38.40   -88.00000 
139.60  35.80   -88.12050 
139.60  35.60   -88.22440 
139.60  36.00   -88.51760 
140.00  33.80   -88.52220 
145.40  43.60   -88.54680 
141.20  41.60   -88.67330 
139.60  35.40   -88.78770 
141.20  41.40   -88.86970 
141.20  40.80   -89.10000 
141.20  41.80   -89.16730 
143.40  43.00   -89.22260 
141.20  41.20   -89.25390 
140.40  32.00   -89.30000 
145.80  43.80   -89.35150 
139.80  34.40   -89.47290 
141.20  41.00   -89.50000 
140.60  30.80   -89.93800 
141.00  39.40   -90.00000 
139.60  35.20   -90.49190 
141.40  42.20   -90.51240 
140.60  38.00   -90.61330 
139.80  36.60   -90.69400 
142.00  42.60   -90.73870 
143.20  43.00   -90.86780 
139.60  36.20   -90.90060 
140.20  37.20   -90.98680 
140.80  38.60   -91.20000 
142.40  42.80   -91.39990 
141.20  42.00   -91.40500 
140.00  33.60   -91.44870 
140.40  31.80   -91.50000 
146.20  44.00   -91.62090 
141.60  42.40   -91.76980 
140.20  32.80   -91.90000 
141.00  39.60   -92.20000 
140.40  37.60   -92.39980 
143.00  43.00   -92.50250 
146.80  44.20   -92.61220 
144.20  43.20   -92.71340 
139.60  35.00   -93.01270 
139.80  34.20   -93.41030 
140.00  33.40   -93.75240 
140.80  38.80   -93.90000 
140.20  32.60   -94.10000 
141.00  39.80   -94.20000 
140.00  37.00   -94.21930 
140.80  30.20   -94.26940 
140.60  38.20   -94.40000 
142.80  43.00   -94.40630 
144.80  43.40   -94.52310 
141.80  42.60   -95.13690 
139.60  36.40   -95.16780 
141.00  40.00   -95.40000 
145.20  43.60   -95.89630 
140.40  31.60   -96.00000 
140.40  37.80   -96.38410 
139.60  34.80   -96.40290 
145.60  43.80   -96.41230 
140.00  33.20   -96.51300 
140.80  39.00   -96.60000 
139.80  36.80   -96.69870 
140.20  37.40   -96.89790 
141.00  40.20   -97.00000 
140.20  32.40   -97.30000 
140.40  31.40   -97.30000 
141.20  42.20   -97.40040 
144.00  43.20   -97.43790 
140.60  38.40   -97.60000 
142.20  42.80   -97.69910 
141.40  42.40   -97.71360 
139.40  35.80   -97.73200 
141.00  41.80   -97.88210 
139.40  36.00   -97.90630 
141.00  41.60   -97.93900 
142.60  43.00   -97.98760 
146.00  44.00   -98.15540 
141.00  40.40   -98.30000 
140.80  39.20   -98.60000 
140.40  31.20   -98.70000 
140.40  31.00   -98.70000 
141.00  41.40   -98.73540 
146.60  44.20   -98.73810 
139.40  35.60   -98.76230 
140.60  30.60   -98.84800 
140.80  30.00   -99.41750 
141.00  42.00   -99.61670 
141.00  41.20   -99.75840 
141.60  42.60   -99.78160 
141.00  40.60   -99.90000 
140.20  32.20   -99.90000 
