# Nankai-Suruga
132.22 30.00
132.81 30.73
132.90 31.05
133.04 31.12
133.27 31.32
133.38 31.55
133.92 31.82
134.35 32.09
134.81 32.30
135.19 32.62
135.78 32.68
136.30 32.77
136.78 32.95
137.05 33.07
137.32 33.23
137.59 33.36
137.84 33.50
138.32 33.86
138.49 34.09
138.49 34.32
138.57 34.55
138.65 35.14
>
# IM-PHS+IM-IOG+IM-OK
136.78 32.95
137.32 32.95
138.14 33.07
139.22 34.18
139.25 34.36
139.30 34.50
139.35 34.91
139.30 35.14
139.19 35.27
139.00 35.36
138.68 35.27
138.65 35.14
>
# PHS-IOG
139.22 34.18
140.19 30.00
>
# ON-FA
132.81 30.73
132.57 31.00
132.32 31.20
131.70 31.73
130.81 31.93
129.76 32.03
>
# SGM-BOSO
139.35 34.91
139.86 34.73
140.38 34.64
140.76 34.55
>
# ISTL
138.65 35.14
138.49 35.22
138.43 35.40
138.41 35.73
138.28 35.84
138.14 36.03
138.03 36.13
137.95 36.22
137.86 36.52
137.86 37.00
